000 10B10 00000000 00000100 00000000 00000000 00000000 00000000 00000000 00000000 00000000 00000000 00000000 00000000 00000000 00000000 00000000 00000000
002 0910B 00000000 00000071 00000000 00000000 00000000 00000000 00000000 00000000 00000000 00000000 00000000 00000002 00000000 00000000 00000000 00000000
004 00601 00000000 00000015 00000000 00000000 00000000 00000000 00000000 00000000 00000000 00000000 00000000 00000002 00000000 00000000 00000000 00000000
006 14106 00000000 000000E1 00000000 00000000 00000000 00000000 00000015 00000000 00000000 00000000 00000000 00000002 00000000 00000000 00000000 00000000
008 00901 00000000 000000AF 00000000 00000000 00000000 00000000 00000015 00000000 00000000 00000000 00000000 00000002 00000000 00000000 00000000 00000000
00A 00A01 00000000 0000008F 00000000 00000000 00000000 00000000 00000015 00000000 00000000 000000AF 00000000 00000002 00000000 00000000 00000000 00000000
00C 00500 00000000 0000008F 00000000 00000000 00000000 00000000 00000015 00000000 00000000 000000AF 0000008F 00000002 00000000 00000000 00000000 00000000
00D 0199B 00000000 0000008F 00000000 00000000 00000000 00000000 00000015 00000000 00000000 000000AF 0000008F 00000002 00000000 00000000 00000000 00000000
00E 017B5 00000000 0000008F 00000000 00000000 00000000 00000000 00000015 00000000 00000000 000000AD 0000008F 00000002 00000000 00000000 00000000 00000000
00F 06771 00000000 00000001 00000000 00000000 00000000 00000000 00000015 00000002 00000000 000000AD 0000008F 00000002 00000000 00000000 00000000 00000000
011 00771 00000000 00000001 00000000 00000000 00000000 00000000 00000015 00000004 00000000 000000AD 0000008F 00000002 00000000 00000000 00000000 00000000
013 00800 00000000 00000001 00000000 00000000 00000000 00000000 00000015 00000005 00000000 000000AD 0000008F 00000002 00000000 00000000 00000000 00000000
014 09100 00000000 00000029 00000000 00000000 00000000 00000000 00000015 00000005 00000000 000000AD 0000008F 00000002 00000000 00000000 00000000 00000000
029 00601 00000000 00000013 00000000 00000000 00000000 00000000 00000015 00000005 00000000 000000AD 0000008F 00000002 00000000 00000000 00000000 00000000
02B 14906 00000000 00000013 00000000 00000000 00000000 00000000 00000013 00000005 00000000 000000AD 0000008F 00000002 00000000 00000000 00000000 00000000
02C 00601 00000000 00000014 00000000 00000000 00000000 00000000 00000013 00000005 00000000 000000AD 0000008F 00000002 00000000 00000000 00000000 00000000
02E 14A06 00000000 00000014 00000000 00000000 00000000 00000000 00000014 00000005 00000000 000000AD 0000008F 00000002 00000000 00000000 00000000 00000000
02F 00601 00000000 00000012 00000000 00000000 00000000 00000000 00000014 00000005 00000000 000000AD 0000008F 00000002 00000000 00000000 00000000 00000000
031 14106 00000000 00000001 00000000 00000000 00000000 00000000 00000012 00000005 00000000 000000AD 0000008F 00000002 00000000 00000000 00000000 00000000
033 00881 00000000 00000001 00000000 00000000 00000000 00000000 00000012 00000005 00000000 000000AD 0000008F 00000002 00000000 00000000 00000000 00000000
035 00991 00000000 00000001 00000000 00000000 00000000 00000000 00000012 00000005 00000001 000000AD 0000008F 00000002 00000000 00000000 00000000 00000000
037 09187 00000000 00000016 00000000 00000000 00000000 00000000 00000012 00000005 00000001 000000AE 0000008F 00000002 00000000 00000000 00000000 00000000
039 09100 00000000 00000029 00000000 00000000 00000000 00000000 00000012 00000005 00000001 000000AE 0000008F 00000002 00000000 00000000 00000000 00000000
029 00601 00000000 00000013 00000000 00000000 00000000 00000000 00000012 00000005 00000001 000000AE 0000008F 00000002 00000000 00000000 00000000 00000000
02B 14906 00000000 00000013 00000000 00000000 00000000 00000000 00000013 00000005 00000001 000000AE 0000008F 00000002 00000000 00000000 00000000 00000000
02C 00601 00000000 00000014 00000000 00000000 00000000 00000000 00000013 00000005 00000001 000000AE 0000008F 00000002 00000000 00000000 00000000 00000000
02E 14A06 00000000 00000014 00000000 00000000 00000000 00000000 00000014 00000005 00000001 000000AE 0000008F 00000002 00000000 00000000 00000000 00000000
02F 00601 00000000 00000012 00000000 00000000 00000000 00000000 00000014 00000005 00000001 000000AE 0000008F 00000002 00000000 00000000 00000000 00000000
031 14106 00000000 00000001 00000000 00000000 00000000 00000000 00000012 00000005 00000001 000000AE 0000008F 00000002 00000000 00000000 00000000 00000000
033 00881 00000000 00000001 00000000 00000000 00000000 00000000 00000012 00000005 00000001 000000AE 0000008F 00000002 00000000 00000000 00000000 00000000
035 00991 00000000 00000001 00000000 00000000 00000000 00000000 00000012 00000005 00000002 000000AE 0000008F 00000002 00000000 00000000 00000000 00000000
037 09187 00000000 00000016 00000000 00000000 00000000 00000000 00000012 00000005 00000002 000000AF 0000008F 00000002 00000000 00000000 00000000 00000000
039 09100 00000000 00000029 00000000 00000000 00000000 00000000 00000012 00000005 00000002 000000AF 0000008F 00000002 00000000 00000000 00000000 00000000
029 00601 00000000 00000013 00000000 00000000 00000000 00000000 00000012 00000005 00000002 000000AF 0000008F 00000002 00000000 00000000 00000000 00000000
02B 14906 00000000 00000013 00000000 00000000 00000000 00000000 00000013 00000005 00000002 000000AF 0000008F 00000002 00000000 00000000 00000000 00000000
02C 00601 00000000 00000014 00000000 00000000 00000000 00000000 00000013 00000005 00000002 000000AF 0000008F 00000002 00000000 00000000 00000000 00000000
02E 14A06 00000000 00000014 00000000 00000000 00000000 00000000 00000014 00000005 00000002 000000AF 0000008F 00000002 00000000 00000000 00000000 00000000
02F 00601 00000000 00000012 00000000 00000000 00000000 00000000 00000014 00000005 00000002 000000AF 0000008F 00000002 00000000 00000000 00000000 00000000
031 14106 00000000 00000001 00000000 00000000 00000000 00000000 00000012 00000005 00000002 000000AF 0000008F 00000002 00000000 00000000 00000000 00000000
033 00881 00000000 00000001 00000000 00000000 00000000 00000000 00000012 00000005 00000002 000000AF 0000008F 00000002 00000000 00000000 00000000 00000000
035 00991 00000000 00000001 00000000 00000000 00000000 00000000 00000012 00000005 00000003 000000AF 0000008F 00000002 00000000 00000000 00000000 00000000
037 09187 00000000 00000016 00000000 00000000 00000000 00000000 00000012 00000005 00000003 000000B0 0000008F 00000002 00000000 00000000 00000000 00000000
039 09100 00000000 00000029 00000000 00000000 00000000 00000000 00000012 00000005 00000003 000000B0 0000008F 00000002 00000000 00000000 00000000 00000000
029 00601 00000000 00000013 00000000 00000000 00000000 00000000 00000012 00000005 00000003 000000B0 0000008F 00000002 00000000 00000000 00000000 00000000
02B 14906 00000000 00000013 00000000 00000000 00000000 00000000 00000013 00000005 00000003 000000B0 0000008F 00000002 00000000 00000000 00000000 00000000
02C 00601 00000000 00000014 00000000 00000000 00000000 00000000 00000013 00000005 00000003 000000B0 0000008F 00000002 00000000 00000000 00000000 00000000
02E 14A06 00000000 00000014 00000000 00000000 00000000 00000000 00000014 00000005 00000003 000000B0 0000008F 00000002 00000000 00000000 00000000 00000000
02F 00601 00000000 00000012 00000000 00000000 00000000 00000000 00000014 00000005 00000003 000000B0 0000008F 00000002 00000000 00000000 00000000 00000000
031 14106 00000000 00000001 00000000 00000000 00000000 00000000 00000012 00000005 00000003 000000B0 0000008F 00000002 00000000 00000000 00000000 00000000
033 00881 00000000 00000001 00000000 00000000 00000000 00000000 00000012 00000005 00000003 000000B0 0000008F 00000002 00000000 00000000 00000000 00000000
035 00991 00000000 00000001 00000000 00000000 00000000 00000000 00000012 00000005 00000004 000000B0 0000008F 00000002 00000000 00000000 00000000 00000000
037 09187 00000000 00000016 00000000 00000000 00000000 00000000 00000012 00000005 00000004 000000B1 0000008F 00000002 00000000 00000000 00000000 00000000
039 09100 00000000 00000029 00000000 00000000 00000000 00000000 00000012 00000005 00000004 000000B1 0000008F 00000002 00000000 00000000 00000000 00000000
029 00601 00000000 00000013 00000000 00000000 00000000 00000000 00000012 00000005 00000004 000000B1 0000008F 00000002 00000000 00000000 00000000 00000000
02B 14906 00000000 00000013 00000000 00000000 00000000 00000000 00000013 00000005 00000004 000000B1 0000008F 00000002 00000000 00000000 00000000 00000000
02C 00601 00000000 00000014 00000000 00000000 00000000 00000000 00000013 00000005 00000004 000000B1 0000008F 00000002 00000000 00000000 00000000 00000000
02E 14A06 00000000 00000014 00000000 00000000 00000000 00000000 00000014 00000005 00000004 000000B1 0000008F 00000002 00000000 00000000 00000000 00000000
02F 00601 00000000 00000012 00000000 00000000 00000000 00000000 00000014 00000005 00000004 000000B1 0000008F 00000002 00000000 00000000 00000000 00000000
031 14106 00000000 00000001 00000000 00000000 00000000 00000000 00000012 00000005 00000004 000000B1 0000008F 00000002 00000000 00000000 00000000 00000000
033 00881 00000000 00000001 00000000 00000000 00000000 00000000 00000012 00000005 00000004 000000B1 0000008F 00000002 00000000 00000000 00000000 00000000
035 00991 00000000 00000001 00000000 00000000 00000000 00000000 00000012 00000005 00000005 000000B1 0000008F 00000002 00000000 00000000 00000000 00000000
037 09187 00000000 00000016 00000000 00000000 00000000 00000000 00000012 00000005 00000005 000000B2 0000008F 00000002 00000000 00000000 00000000 00000000
016 00551 00000000 00000001 00000000 00000000 00000000 00000000 00000012 00000005 00000005 000000B2 0000008F 00000002 00000000 00000000 00000000 00000000
018 0C15B 00000000 0000003B 00000000 00000000 00000000 00000001 00000012 00000005 00000005 000000B2 0000008F 00000002 00000000 00000000 00000000 00000000
01A 00901 00000000 000000AF 00000000 00000000 00000000 00000001 00000012 00000005 00000005 000000B2 0000008F 00000002 00000000 00000000 00000000 00000000
01C 00A01 00000000 0000008F 00000000 00000000 00000000 00000001 00000012 00000005 00000005 000000AF 0000008F 00000002 00000000 00000000 00000000 00000000
01E 0199B 00000000 0000008F 00000000 00000000 00000000 00000001 00000012 00000005 00000005 000000AF 0000008F 00000002 00000000 00000000 00000000 00000000
01F 00995 00000000 0000008F 00000000 00000000 00000000 00000001 00000012 00000005 00000005 000000AD 0000008F 00000002 00000000 00000000 00000000 00000000
020 017B5 00000000 0000008F 00000000 00000000 00000000 00000001 00000012 00000005 00000005 000000AE 0000008F 00000002 00000000 00000000 00000000 00000000
021 06771 00000000 00000001 00000000 00000000 00000000 00000001 00000012 00000001 00000005 000000AE 0000008F 00000002 00000000 00000000 00000000 00000000
023 00771 00000000 00000001 00000000 00000000 00000000 00000001 00000012 00000002 00000005 000000AE 0000008F 00000002 00000000 00000000 00000000 00000000
025 00AA5 00000000 00000001 00000000 00000000 00000000 00000001 00000012 00000003 00000005 000000AE 0000008F 00000002 00000000 00000000 00000000 00000000
026 00800 00000000 00000001 00000000 00000000 00000000 00000001 00000012 00000003 00000005 000000AE 00000090 00000002 00000000 00000000 00000000 00000000
027 09100 00000000 00000029 00000000 00000000 00000000 00000001 00000012 00000003 00000000 000000AE 00000090 00000002 00000000 00000000 00000000 00000000
029 00601 00000000 00000013 00000000 00000000 00000000 00000001 00000012 00000003 00000000 000000AE 00000090 00000002 00000000 00000000 00000000 00000000
02B 14906 00000000 00000013 00000000 00000000 00000000 00000001 00000013 00000003 00000000 000000AE 00000090 00000002 00000000 00000000 00000000 00000000
02C 00601 00000000 00000014 00000000 00000000 00000000 00000001 00000013 00000003 00000000 000000AE 00000090 00000002 00000000 00000000 00000000 00000000
02E 14A06 00000000 00000014 00000000 00000000 00000000 00000001 00000014 00000003 00000000 000000AE 00000090 00000002 00000000 00000000 00000000 00000000
02F 00601 00000000 00000012 00000000 00000000 00000000 00000001 00000014 00000003 00000000 000000AE 00000090 00000002 00000000 00000000 00000000 00000000
031 14106 00000000 00000001 00000000 00000000 00000000 00000001 00000012 00000003 00000000 000000AE 00000090 00000002 00000000 00000000 00000000 00000000
033 00881 00000000 00000001 00000000 00000000 00000000 00000001 00000012 00000003 00000000 000000AE 00000090 00000002 00000000 00000000 00000000 00000000
035 00991 00000000 00000001 00000000 00000000 00000000 00000001 00000012 00000003 00000001 000000AE 00000090 00000002 00000000 00000000 00000000 00000000
037 09187 00000000 00000016 00000000 00000000 00000000 00000001 00000012 00000003 00000001 000000AF 00000090 00000002 00000000 00000000 00000000 00000000
039 09100 00000000 00000029 00000000 00000000 00000000 00000001 00000012 00000003 00000001 000000AF 00000090 00000002 00000000 00000000 00000000 00000000
029 00601 00000000 00000013 00000000 00000000 00000000 00000001 00000012 00000003 00000001 000000AF 00000090 00000002 00000000 00000000 00000000 00000000
02B 14906 00000000 00000013 00000000 00000000 00000000 00000001 00000013 00000003 00000001 000000AF 00000090 00000002 00000000 00000000 00000000 00000000
02C 00601 00000000 00000014 00000000 00000000 00000000 00000001 00000013 00000003 00000001 000000AF 00000090 00000002 00000000 00000000 00000000 00000000
02E 14A06 00000000 00000014 00000000 00000000 00000000 00000001 00000014 00000003 00000001 000000AF 00000090 00000002 00000000 00000000 00000000 00000000
02F 00601 00000000 00000012 00000000 00000000 00000000 00000001 00000014 00000003 00000001 000000AF 00000090 00000002 00000000 00000000 00000000 00000000
031 14106 00000000 00000001 00000000 00000000 00000000 00000001 00000012 00000003 00000001 000000AF 00000090 00000002 00000000 00000000 00000000 00000000
033 00881 00000000 00000001 00000000 00000000 00000000 00000001 00000012 00000003 00000001 000000AF 00000090 00000002 00000000 00000000 00000000 00000000
035 00991 00000000 00000001 00000000 00000000 00000000 00000001 00000012 00000003 00000002 000000AF 00000090 00000002 00000000 00000000 00000000 00000000
037 09187 00000000 00000016 00000000 00000000 00000000 00000001 00000012 00000003 00000002 000000B0 00000090 00000002 00000000 00000000 00000000 00000000
039 09100 00000000 00000029 00000000 00000000 00000000 00000001 00000012 00000003 00000002 000000B0 00000090 00000002 00000000 00000000 00000000 00000000
029 00601 00000000 00000013 00000000 00000000 00000000 00000001 00000012 00000003 00000002 000000B0 00000090 00000002 00000000 00000000 00000000 00000000
02B 14906 00000000 00000013 00000000 00000000 00000000 00000001 00000013 00000003 00000002 000000B0 00000090 00000002 00000000 00000000 00000000 00000000
02C 00601 00000000 00000014 00000000 00000000 00000000 00000001 00000013 00000003 00000002 000000B0 00000090 00000002 00000000 00000000 00000000 00000000
02E 14A06 00000000 00000014 00000000 00000000 00000000 00000001 00000014 00000003 00000002 000000B0 00000090 00000002 00000000 00000000 00000000 00000000
02F 00601 00000000 00000012 00000000 00000000 00000000 00000001 00000014 00000003 00000002 000000B0 00000090 00000002 00000000 00000000 00000000 00000000
031 14106 00000000 00000001 00000000 00000000 00000000 00000001 00000012 00000003 00000002 000000B0 00000090 00000002 00000000 00000000 00000000 00000000
033 00881 00000000 00000001 00000000 00000000 00000000 00000001 00000012 00000003 00000002 000000B0 00000090 00000002 00000000 00000000 00000000 00000000
035 00991 00000000 00000001 00000000 00000000 00000000 00000001 00000012 00000003 00000003 000000B0 00000090 00000002 00000000 00000000 00000000 00000000
037 09187 00000000 00000016 00000000 00000000 00000000 00000001 00000012 00000003 00000003 000000B1 00000090 00000002 00000000 00000000 00000000 00000000
016 00551 00000000 00000001 00000000 00000000 00000000 00000001 00000012 00000003 00000003 000000B1 00000090 00000002 00000000 00000000 00000000 00000000
018 0C15B 00000000 0000003B 00000000 00000000 00000000 00000002 00000012 00000003 00000003 000000B1 00000090 00000002 00000000 00000000 00000000 00000000
01A 00901 00000000 000000AF 00000000 00000000 00000000 00000002 00000012 00000003 00000003 000000B1 00000090 00000002 00000000 00000000 00000000 00000000
01C 00A01 00000000 0000008F 00000000 00000000 00000000 00000002 00000012 00000003 00000003 000000AF 00000090 00000002 00000000 00000000 00000000 00000000
01E 0199B 00000000 0000008F 00000000 00000000 00000000 00000002 00000012 00000003 00000003 000000AF 0000008F 00000002 00000000 00000000 00000000 00000000
01F 00995 00000000 0000008F 00000000 00000000 00000000 00000002 00000012 00000003 00000003 000000AD 0000008F 00000002 00000000 00000000 00000000 00000000
020 017B5 00000000 0000008F 00000000 00000000 00000000 00000002 00000012 00000003 00000003 000000AF 0000008F 00000002 00000000 00000000 00000000 00000000
021 06771 00000000 00000001 00000000 00000000 00000000 00000002 00000012 00000000 00000003 000000AF 0000008F 00000002 00000000 00000000 00000000 00000000
023 00771 00000000 00000001 00000000 00000000 00000000 00000002 00000012 00000000 00000003 000000AF 0000008F 00000002 00000000 00000000 00000000 00000000
025 00AA5 00000000 00000001 00000000 00000000 00000000 00000002 00000012 00000001 00000003 000000AF 0000008F 00000002 00000000 00000000 00000000 00000000
026 00800 00000000 00000001 00000000 00000000 00000000 00000002 00000012 00000001 00000003 000000AF 00000091 00000002 00000000 00000000 00000000 00000000
027 09100 00000000 00000029 00000000 00000000 00000000 00000002 00000012 00000001 00000000 000000AF 00000091 00000002 00000000 00000000 00000000 00000000
029 00601 00000000 00000013 00000000 00000000 00000000 00000002 00000012 00000001 00000000 000000AF 00000091 00000002 00000000 00000000 00000000 00000000
02B 14906 00000000 00000013 00000000 00000000 00000000 00000002 00000013 00000001 00000000 000000AF 00000091 00000002 00000000 00000000 00000000 00000000
02C 00601 00000000 00000014 00000000 00000000 00000000 00000002 00000013 00000001 00000000 000000AF 00000091 00000002 00000000 00000000 00000000 00000000
02E 14A06 00000000 00000014 00000000 00000000 00000000 00000002 00000014 00000001 00000000 000000AF 00000091 00000002 00000000 00000000 00000000 00000000
02F 00601 00000000 00000012 00000000 00000000 00000000 00000002 00000014 00000001 00000000 000000AF 00000091 00000002 00000000 00000000 00000000 00000000
031 14106 00000000 00000001 00000000 00000000 00000000 00000002 00000012 00000001 00000000 000000AF 00000091 00000002 00000000 00000000 00000000 00000000
033 00881 00000000 00000001 00000000 00000000 00000000 00000002 00000012 00000001 00000000 000000AF 00000091 00000002 00000000 00000000 00000000 00000000
035 00991 00000000 00000001 00000000 00000000 00000000 00000002 00000012 00000001 00000001 000000AF 00000091 00000002 00000000 00000000 00000000 00000000
037 09187 00000000 00000016 00000000 00000000 00000000 00000002 00000012 00000001 00000001 000000B0 00000091 00000002 00000000 00000000 00000000 00000000
016 00551 00000000 00000001 00000000 00000000 00000000 00000002 00000012 00000001 00000001 000000B0 00000091 00000002 00000000 00000000 00000000 00000000
018 0C15B 00000000 0000003B 00000000 00000000 00000000 00000003 00000012 00000001 00000001 000000B0 00000091 00000002 00000000 00000000 00000000 00000000
03B 00501 00000000 00000001 00000000 00000000 00000000 00000003 00000012 00000001 00000001 000000B0 00000091 00000002 00000000 00000000 00000000 00000000
03D 00901 00000000 000000AF 00000000 00000000 00000000 00000001 00000012 00000001 00000001 000000B0 00000091 00000002 00000000 00000000 00000000 00000000
03F 00A01 00000000 0000008F 00000000 00000000 00000000 00000001 00000012 00000001 00000001 000000AF 00000091 00000002 00000000 00000000 00000000 00000000
041 0199B 00000000 0000008F 00000000 00000000 00000000 00000001 00000012 00000001 00000001 000000AF 0000008F 00000002 00000000 00000000 00000000 00000000
042 00995 00000000 0000008F 00000000 00000000 00000000 00000001 00000012 00000001 00000001 000000AD 0000008F 00000002 00000000 00000000 00000000 00000000
043 017B5 00000000 0000008F 00000000 00000000 00000000 00000001 00000012 00000001 00000001 000000AE 0000008F 00000002 00000000 00000000 00000000 00000000
044 06771 00000000 00000001 00000000 00000000 00000000 00000001 00000012 00000001 00000001 000000AE 0000008F 00000002 00000000 00000000 00000000 00000000
046 00771 00000000 00000001 00000000 00000000 00000000 00000001 00000012 00000002 00000001 000000AE 0000008F 00000002 00000000 00000000 00000000 00000000
048 01AA5 00000000 00000001 00000000 00000000 00000000 00000001 00000012 00000003 00000001 000000AE 0000008F 00000002 00000000 00000000 00000000 00000000
049 00800 00000000 00000001 00000000 00000000 00000000 00000001 00000012 00000003 00000001 000000AE 0000008E 00000002 00000000 00000000 00000000 00000000
04A 09100 00000000 0000005F 00000000 00000000 00000000 00000001 00000012 00000003 00000000 000000AE 0000008E 00000002 00000000 00000000 00000000 00000000
05F 00601 00000000 00000013 00000000 00000000 00000000 00000001 00000012 00000003 00000000 000000AE 0000008E 00000002 00000000 00000000 00000000 00000000
061 14906 00000000 00000013 00000000 00000000 00000000 00000001 00000013 00000003 00000000 000000AE 0000008E 00000002 00000000 00000000 00000000 00000000
062 00601 00000000 00000014 00000000 00000000 00000000 00000001 00000013 00000003 00000000 000000AE 0000008E 00000002 00000000 00000000 00000000 00000000
064 14A06 00000000 00000014 00000000 00000000 00000000 00000001 00000014 00000003 00000000 000000AE 0000008E 00000002 00000000 00000000 00000000 00000000
065 00601 00000000 00000012 00000000 00000000 00000000 00000001 00000014 00000003 00000000 000000AE 0000008E 00000002 00000000 00000000 00000000 00000000
067 14106 00000000 00000001 00000000 00000000 00000000 00000001 00000012 00000003 00000000 000000AE 0000008E 00000002 00000000 00000000 00000000 00000000
069 00881 00000000 00000001 00000000 00000000 00000000 00000001 00000012 00000003 00000000 000000AE 0000008E 00000002 00000000 00000000 00000000 00000000
06B 00991 00000000 00000001 00000000 00000000 00000000 00000001 00000012 00000003 00000001 000000AE 0000008E 00000002 00000000 00000000 00000000 00000000
06D 09187 00000000 0000004C 00000000 00000000 00000000 00000001 00000012 00000003 00000001 000000AF 0000008E 00000002 00000000 00000000 00000000 00000000
06F 09100 00000000 0000005F 00000000 00000000 00000000 00000001 00000012 00000003 00000001 000000AF 0000008E 00000002 00000000 00000000 00000000 00000000
05F 00601 00000000 00000013 00000000 00000000 00000000 00000001 00000012 00000003 00000001 000000AF 0000008E 00000002 00000000 00000000 00000000 00000000
061 14906 00000000 00000013 00000000 00000000 00000000 00000001 00000013 00000003 00000001 000000AF 0000008E 00000002 00000000 00000000 00000000 00000000
062 00601 00000000 00000014 00000000 00000000 00000000 00000001 00000013 00000003 00000001 000000AF 0000008E 00000002 00000000 00000000 00000000 00000000
064 14A06 00000000 00000014 00000000 00000000 00000000 00000001 00000014 00000003 00000001 000000AF 0000008E 00000002 00000000 00000000 00000000 00000000
065 00601 00000000 00000012 00000000 00000000 00000000 00000001 00000014 00000003 00000001 000000AF 0000008E 00000002 00000000 00000000 00000000 00000000
067 14106 00000000 00000001 00000000 00000000 00000000 00000001 00000012 00000003 00000001 000000AF 0000008E 00000002 00000000 00000000 00000000 00000000
069 00881 00000000 00000001 00000000 00000000 00000000 00000001 00000012 00000003 00000001 000000AF 0000008E 00000002 00000000 00000000 00000000 00000000
06B 00991 00000000 00000001 00000000 00000000 00000000 00000001 00000012 00000003 00000002 000000AF 0000008E 00000002 00000000 00000000 00000000 00000000
06D 09187 00000000 0000004C 00000000 00000000 00000000 00000001 00000012 00000003 00000002 000000B0 0000008E 00000002 00000000 00000000 00000000 00000000
06F 09100 00000000 0000005F 00000000 00000000 00000000 00000001 00000012 00000003 00000002 000000B0 0000008E 00000002 00000000 00000000 00000000 00000000
05F 00601 00000000 00000013 00000000 00000000 00000000 00000001 00000012 00000003 00000002 000000B0 0000008E 00000002 00000000 00000000 00000000 00000000
061 14906 00000000 00000013 00000000 00000000 00000000 00000001 00000013 00000003 00000002 000000B0 0000008E 00000002 00000000 00000000 00000000 00000000
062 00601 00000000 00000014 00000000 00000000 00000000 00000001 00000013 00000003 00000002 000000B0 0000008E 00000002 00000000 00000000 00000000 00000000
064 14A06 00000000 00000014 00000000 00000000 00000000 00000001 00000014 00000003 00000002 000000B0 0000008E 00000002 00000000 00000000 00000000 00000000
065 00601 00000000 00000012 00000000 00000000 00000000 00000001 00000014 00000003 00000002 000000B0 0000008E 00000002 00000000 00000000 00000000 00000000
067 14106 00000000 00000001 00000000 00000000 00000000 00000001 00000012 00000003 00000002 000000B0 0000008E 00000002 00000000 00000000 00000000 00000000
069 00881 00000000 00000001 00000000 00000000 00000000 00000001 00000012 00000003 00000002 000000B0 0000008E 00000002 00000000 00000000 00000000 00000000
06B 00991 00000000 00000001 00000000 00000000 00000000 00000001 00000012 00000003 00000003 000000B0 0000008E 00000002 00000000 00000000 00000000 00000000
06D 09187 00000000 0000004C 00000000 00000000 00000000 00000001 00000012 00000003 00000003 000000B1 0000008E 00000002 00000000 00000000 00000000 00000000
04C 00551 00000000 00000001 00000000 00000000 00000000 00000001 00000012 00000003 00000003 000000B1 0000008E 00000002 00000000 00000000 00000000 00000000
04E 0C15B 00000000 00000071 00000000 00000000 00000000 00000002 00000012 00000003 00000003 000000B1 0000008E 00000002 00000000 00000000 00000000 00000000
050 00901 00000000 000000AF 00000000 00000000 00000000 00000002 00000012 00000003 00000003 000000B1 0000008E 00000002 00000000 00000000 00000000 00000000
052 00A01 00000000 0000008F 00000000 00000000 00000000 00000002 00000012 00000003 00000003 000000AF 0000008E 00000002 00000000 00000000 00000000 00000000
054 0199B 00000000 0000008F 00000000 00000000 00000000 00000002 00000012 00000003 00000003 000000AF 0000008F 00000002 00000000 00000000 00000000 00000000
055 00995 00000000 0000008F 00000000 00000000 00000000 00000002 00000012 00000003 00000003 000000AD 0000008F 00000002 00000000 00000000 00000000 00000000
056 017B5 00000000 0000008F 00000000 00000000 00000000 00000002 00000012 00000003 00000003 000000AF 0000008F 00000002 00000000 00000000 00000000 00000000
057 06771 00000000 00000001 00000000 00000000 00000000 00000002 00000012 00000000 00000003 000000AF 0000008F 00000002 00000000 00000000 00000000 00000000
059 00771 00000000 00000001 00000000 00000000 00000000 00000002 00000012 00000000 00000003 000000AF 0000008F 00000002 00000000 00000000 00000000 00000000
05B 01AA5 00000000 00000001 00000000 00000000 00000000 00000002 00000012 00000001 00000003 000000AF 0000008F 00000002 00000000 00000000 00000000 00000000
05C 00800 00000000 00000001 00000000 00000000 00000000 00000002 00000012 00000001 00000003 000000AF 0000008D 00000002 00000000 00000000 00000000 00000000
05D 09100 00000000 0000005F 00000000 00000000 00000000 00000002 00000012 00000001 00000000 000000AF 0000008D 00000002 00000000 00000000 00000000 00000000
05F 00601 00000000 00000013 00000000 00000000 00000000 00000002 00000012 00000001 00000000 000000AF 0000008D 00000002 00000000 00000000 00000000 00000000
061 14906 00000000 00000013 00000000 00000000 00000000 00000002 00000013 00000001 00000000 000000AF 0000008D 00000002 00000000 00000000 00000000 00000000
062 00601 00000000 00000014 00000000 00000000 00000000 00000002 00000013 00000001 00000000 000000AF 0000008D 00000002 00000000 00000000 00000000 00000000
064 14A06 00000000 00000014 00000000 00000000 00000000 00000002 00000014 00000001 00000000 000000AF 0000008D 00000002 00000000 00000000 00000000 00000000
065 00601 00000000 00000012 00000000 00000000 00000000 00000002 00000014 00000001 00000000 000000AF 0000008D 00000002 00000000 00000000 00000000 00000000
067 14106 00000000 00000001 00000000 00000000 00000000 00000002 00000012 00000001 00000000 000000AF 0000008D 00000002 00000000 00000000 00000000 00000000
069 00881 00000000 00000001 00000000 00000000 00000000 00000002 00000012 00000001 00000000 000000AF 0000008D 00000002 00000000 00000000 00000000 00000000
06B 00991 00000000 00000001 00000000 00000000 00000000 00000002 00000012 00000001 00000001 000000AF 0000008D 00000002 00000000 00000000 00000000 00000000
06D 09187 00000000 0000004C 00000000 00000000 00000000 00000002 00000012 00000001 00000001 000000B0 0000008D 00000002 00000000 00000000 00000000 00000000
04C 00551 00000000 00000001 00000000 00000000 00000000 00000002 00000012 00000001 00000001 000000B0 0000008D 00000002 00000000 00000000 00000000 00000000
04E 0C15B 00000000 00000071 00000000 00000000 00000000 00000003 00000012 00000001 00000001 000000B0 0000008D 00000002 00000000 00000000 00000000 00000000
071 15000 00000000 00000071 00000000 00000000 00000000 00000003 00000012 00000001 00000001 000000B0 0000008D 00000002 00000000 00000000 00000000 00000000
